8.592378108807256776e-02
5.438254594413713949e-01
3.242553451859505054e-01
7.232668934301964003e-02
4.342564245026240277e-01
1.524452927539408364e-01
9.904528880603481467e-01
2.586254527478241694e-01
5.340242677463544890e-02
2.645946398318987924e-01
8.036734303569824656e-01
7.601939065096813275e-02
1.911128395864552521e-01
2.263140789211499637e-01
8.692352894024552024e-01
6.554336578170960603e-02
2.643652217999628573e-01
4.463931307208185428e-01
8.497263676707742519e-01
1.856101451215864673e-01
2.385198983663773808e-01
4.605991054037850835e-02
2.916643382872156631e-01
5.017737328628573135e-01
1.348995952436496393e-01
3.777758249864204831e-01
3.328544643640987677e-01
3.444487412583582819e-02
3.057361990998327603e-02
1.559616622079915416e-01
4.558936084191532456e-02
1.042579390616195506e-01
4.275182784157472576e-02
2.811495028461494239e-01
7.899195600430563013e-01
4.705937000172549789e-01
7.827086304099944991e-02
7.007574392640648631e-01
1.427551871371857684e-01
5.525060272699273273e-02
3.002149302049904600e-01
6.477125427742416175e-01
1.031837493182008320e-01
1.131953724995385241e-01
7.832474463545754384e-01
4.592840539015457385e-02
2.364696676103162365e-01
9.612574403775762943e-02
7.737959173605533925e-02
3.616173288427963484e-01
9.718783083515912802e-01
2.652499506597263967e-01
9.493582817170045374e-01
5.713065320569319372e-01
6.740031855872943289e-01
9.192982812264375303e-01
5.149504446708773608e-01
4.478751907451721803e-01
6.407453181750707438e-01
8.385237478699364422e-01
8.093327203886854226e-01
7.265717005326057798e-01
2.072244522726229832e-01
8.982845584334755440e-01
8.722424308037710627e-01
7.701241976592663185e-01
7.868149172994802765e-01
9.331264530715218664e-01
4.696372885449567325e-01
8.587245362882872657e-01
9.604038454080738862e-01
3.837375196412216583e-01
6.580005333945631030e-01
5.420372164868351161e-01
7.766189272541249577e-01
9.252553480022581711e-01
8.531681684605481042e-01
6.196938397742188798e-01
9.506855262004285656e-01
3.201423871212957240e-01
1.858703637031641487e-01
9.944945304144116038e-01
8.561087490277029532e-01
9.105204300124641881e-01
6.037851773103209974e-01
8.394829209004986970e-01
8.140620742081822181e-01
6.716671892824254142e-01
7.393347769596871899e-01
9.855843932135229801e-01
3.096940147326377457e-01
6.244166177484798963e-01
5.959993334711084501e-01
6.705390427275755849e-01
7.619034951363073960e-01
6.628356089871898504e-01
7.015318584653364997e-01
7.148530254973477494e-01
9.594778980488676279e-01
5.038223498276941381e-01
