2.024380343569910090e-01
6.674854959711554181e-02
8.603295150858508711e-02
9.097873250138677204e-02
9.773541517535657697e-01
9.469827653428366521e-01
2.960717011822016076e-01
4.902292709928463173e-03
1.991970602106455934e-01
1.444850442535682844e-01
1.865007556837855185e-01
7.486595671335287416e-02
8.890562624217543952e-01
7.027741283746842538e-02
9.396759814529357380e-01
1.394052543049510706e-02
2.188517233030004561e-01
1.965056252502445922e-01
2.420634973540687629e-01
3.809160778312364881e-02
1.052684205336005402e-01
2.645062226750712342e-01
1.073656663386683280e-01
2.737090481861381014e-02
1.539213166204332073e-01
1.534471785701624347e-01
3.022104558696817600e-01
4.520426040244723137e-02
5.887013377666529268e-02
8.607813348066452319e-02
3.936350826647471712e-01
4.466372993025428673e-01
2.254774078529650505e-02
1.288862297067918383e-01
4.802643420450089518e-02
3.347744831674518973e-01
3.872674031154112462e-01
2.934459272903723881e-01
8.266633358179600877e-02
6.362497726511198368e-03
1.967507435523547510e-01
5.843592495615539811e-02
1.516257503980824872e-01
2.791532536995785518e-01
7.362480949358338189e-02
1.498599177459127296e-01
1.895236602033196216e-01
2.123293452685622723e-02
1.729374197394860091e-01
1.274591797102945512e-01
9.646457276838837913e-01
7.877435429918870913e-01
8.160503844428386166e-01
9.406040858131710092e-01
7.090393982879455992e-01
9.353246881873593654e-01
9.766145351477325542e-01
8.034144136207940212e-01
6.799373504255949996e-01
9.724574159579122412e-01
9.565398619260573332e-01
3.608913820198392242e-01
9.924149562463400187e-01
7.781809692714256599e-01
6.852617345648401859e-01
9.911701461658856127e-01
9.816177229745428612e-01
8.419769294937047288e-01
9.371799541050144233e-01
5.582284088327129634e-01
6.622829592484902328e-01
4.514541547436629609e-01
2.336326477486346531e-01
9.944624720329997558e-01
2.980503982159021237e-01
9.273579403275409305e-01
8.628871230615842158e-01
7.736368140735726540e-01
6.106274439654885144e-02
8.478783019084409345e-01
8.905915776584167887e-01
9.406034560401629330e-01
9.567818172203244043e-01
9.868213015758685591e-01
7.694473866441702281e-01
9.765224513207964030e-01
9.990070620464091000e-01
3.825377437479273168e-01
9.924696788066521558e-01
9.582957348617798798e-01
8.199008225819941487e-01
5.515418283794332188e-01
7.170863429773243203e-01
8.745368058352906981e-01
2.122323434518222363e-01
9.801379977898492246e-01
9.345292380112890651e-01
6.981873411067215374e-01
8.295009068548060416e-01
9.931526488679954801e-01
